ID,PIX_X,PIX_Y,E_ED50,N_ED50,LAT_ED50,LON_ED50,HUSO,FILA,COLUMNA,REF
B00C00,328.869410,159.189756,654494.025,4429929.279,40.004750069028,-7.190091665310,29,0,0,BORDE_INTERPOLADO
B00C01,356.365494,159.277244,660000.000,4430105.692,40.005313505384,-7.125577336467,29,0,1,BORDE_INTERPOLADO
B00C02,456.242751,159.595038,680000.000,4430746.496,40.007057600702,-6.891238350292,29,0,2,BORDE_INTERPOLADO
B00C03,556.120007,159.912832,700000.000,4431387.300,40.008327231600,-6.656909825241,29,0,3,BORDE_INTERPOLADO
B00C04,655.997264,160.230627,720000.000,4432028.104,40.009122422590,-6.422597312237,29,0,4,BORDE_INTERPOLADO
B00C05,755.874521,160.548421,740000.000,4432668.908,40.009443231196,-6.188306361071,29,0,5,BORDE_INTERPOLADO
B00C06,836.173815,160.803921,756074.677,4433230.067,40.009772247849,-6.000000000000,29,0,6,FRONTERA_HUSOS_BORDE_INTERPOLADO
B00C07,916.431356,161.059288,260000.000,4432741.605,40.010097409899,-5.811720500910,30,0,7,BORDE_INTERPOLADO
B00C08,1016.275953,161.376978,280000.000,4432076.477,40.009557803148,-5.577419073331,30,0,8,BORDE_INTERPOLADO
B00C09,1116.120550,161.694669,300000.000,4431411.349,40.008543725920,-5.343097580692,30,0,9,BORDE_INTERPOLADO
B00C10,1215.965147,162.012359,320000.000,4430746.222,40.007055131634,-5.108761573704,30,0,10,BORDE_INTERPOLADO
B00C11,1315.809744,162.330049,340000.000,4430081.094,40.005092006732,-4.874416603936,30,0,11,BORDE_INTERPOLADO
B00C12,1415.654341,162.647739,360000.000,4429415.966,40.002654370682,-4.640068222982,30,0,12,BORDE_INTERPOLADO
B00C13,1469.929738,162.820435,370871.975,4429054.403,40.001130211386,-4.512677282729,30,0,13,BORDE_INTERPOLADO
B01C00,328.255662,208.902258,654721.878,4420000.000,39.915294240800,-7.189783636752,29,1,0,BORDE_INTERPOLADO
B01C01,354.584068,209.832129,660000.000,4420000.000,39.914313936727,-7.128061176794,29,1,1,RETICULA_UTM_RASTER
B01C02,454.348364,213.355619,680000.000,4420000.000,39.910301481454,-6.894209526611,29,1,2,RETICULA_UTM_RASTER
B01C03,554.112660,216.879109,700000.000,4420000.000,39.905817906591,-6.660407489503,29,1,3,RETICULA_UTM_RASTER
B01C04,653.876956,220.402599,720000.000,4420000.000,39.900863523023,-6.426660552121,29,1,4,RETICULA_UTM_RASTER
B01C05,753.641253,223.926089,740000.000,4420000.000,39.895438674131,-6.192974192953,29,1,5,RETICULA_UTM_RASTER
B01C06,835.996444,227.033712,756519.900,4420000.000,39.890603249419,-6.000000000000,29,1,6,FRONTERA_HUSOS_29_30
B01C07,918.335847,224.747262,260000.000,4420000.000,39.895438674131,-5.807025807047,30,1,7,RETICULA_UTM_RASTER
B01C08,1018.081027,221.740360,280000.000,4420000.000,39.900863523023,-5.573339447879,30,1,8,RETICULA_UTM_RASTER
B01C09,1117.826207,218.733457,300000.000,4420000.000,39.905817906591,-5.339592510497,30,1,9,RETICULA_UTM_RASTER
B01C10,1217.571387,215.726555,320000.000,4420000.000,39.910301481454,-5.105790473389,30,1,10,RETICULA_UTM_RASTER
B01C11,1317.316567,212.719652,340000.000,4420000.000,39.914313936727,-4.871938823206,30,1,11,RETICULA_UTM_RASTER
B01C12,1417.061747,209.712749,360000.000,4420000.000,39.917854994082,-4.638043053947,30,1,12,RETICULA_UTM_RASTER
B01C13,1470.154577,208.112221,370645.693,4420000.000,39.919547519906,-4.513527823580,30,1,13,BORDE_INTERPOLADO
B02C00,327.019424,309.035414,655180.830,4400000.000,39.735104337159,-7.189152305035,29,2,0,BORDE_INTERPOLADO
B02C01,351.058479,309.884429,660000.000,4400000.000,39.734213643800,-7.132943750605,29,2,1,RETICULA_UTM_RASTER
B02C02,450.822775,313.407919,680000.000,4400000.000,39.730226581535,-6.899701021425,29,2,2,RETICULA_UTM_RASTER
B02C03,550.587071,316.931409,700000.000,4400000.000,39.725771377736,-6.666507411766,29,2,3,RETICULA_UTM_RASTER
B02C04,650.351367,320.454899,720000.000,4400000.000,39.720848340173,-6.433368353893,29,2,4,RETICULA_UTM_RASTER
B02C05,750.115663,323.978389,740000.000,4400000.000,39.715457808790,-6.200289272051,29,2,5,RETICULA_UTM_RASTER
B02C06,835.728673,327.153663,757190.846,4400000.000,39.710451091020,-6.000000000000,29,2,6,FRONTERA_HUSOS_29_30
B02C07,921.325251,324.715787,260000.000,4400000.000,39.715457808790,-5.799710727949,30,2,7,RETICULA_UTM_RASTER
B02C08,1021.070431,321.708885,280000.000,4400000.000,39.720848340173,-5.566631646107,30,2,8,RETICULA_UTM_RASTER
B02C09,1120.815611,318.701982,300000.000,4400000.000,39.725771377736,-5.333492588234,30,2,9,RETICULA_UTM_RASTER
B02C10,1220.560791,315.695079,320000.000,4400000.000,39.730226581535,-5.100298978575,30,2,10,RETICULA_UTM_RASTER
B02C11,1320.305971,312.688177,340000.000,4400000.000,39.734213643800,-4.867056249395,30,2,11,RETICULA_UTM_RASTER
B02C12,1420.051151,309.681274,360000.000,4400000.000,39.737732288988,-4.633769840181,30,2,12,RETICULA_UTM_RASTER
B02C13,1470.651219,308.155893,370145.867,4400000.000,39.739338110123,-4.515410234722,30,2,13,BORDE_INTERPOLADO
B03C00,325.783186,409.168569,655639.782,4380000.000,39.554909152139,-7.188506463128,29,3,0,BORDE_INTERPOLADO
B03C01,347.532890,409.936728,660000.000,4380000.000,39.554107225801,-7.137782643309,29,3,1,RETICULA_UTM_RASTER
B03C02,447.297186,413.460218,680000.000,4380000.000,39.550145426523,-6.905143395513,29,3,2,RETICULA_UTM_RASTER
B03C03,547.061482,416.983709,700000.000,4380000.000,39.545718448582,-6.672552780908,29,3,3,RETICULA_UTM_RASTER
B03C04,646.825778,420.507199,720000.000,4380000.000,39.540826596674,-6.440016178166,29,3,4,RETICULA_UTM_RASTER
B03C05,746.590074,424.030689,740000.000,4380000.000,39.535470207347,-6.207538958079,29,3,5,RETICULA_UTM_RASTER
B03C06,835.460899,427.273200,757859.257,4380000.000,39.530294835904,-6.000000000000,29,3,6,FRONTERA_HUSOS_29_30
B03C07,924.314655,424.684312,260000.000,4380000.000,39.535470207347,-5.792461041921,30,3,7,RETICULA_UTM_RASTER
B03C08,1024.059835,421.677410,280000.000,4380000.000,39.540826596674,-5.559983821834,30,3,8,RETICULA_UTM_RASTER
B03C09,1123.805015,418.670507,300000.000,4380000.000,39.545718448582,-5.327447219092,30,3,9,RETICULA_UTM_RASTER
B03C10,1223.550195,415.663604,320000.000,4380000.000,39.550145426523,-5.094856604487,30,3,10,RETICULA_UTM_RASTER
B03C11,1323.295375,412.656702,340000.000,4380000.000,39.554107225801,-4.862217356691,30,3,11,RETICULA_UTM_RASTER
B03C12,1423.040556,409.649799,360000.000,4380000.000,39.557603573627,-4.629534861472,30,3,12,RETICULA_UTM_RASTER
B03C13,1471.147860,408.199564,369646.041,4380000.000,39.559123417236,-4.517297753197,30,3,13,BORDE_INTERPOLADO
B04C00,324.546948,509.301724,656098.734,4360000.000,39.374708694109,-7.187846157760,29,4,0,BORDE_INTERPOLADO
B04C01,344.007301,509.989028,660000.000,4360000.000,39.373994694869,-7.142578287538,29,4,1,RETICULA_UTM_RASTER
B04C02,443.771597,513.512518,680000.000,4360000.000,39.370058030065,-6.910537135227,29,4,2,RETICULA_UTM_RASTER
B04C03,543.535893,517.036008,700000.000,4360000.000,39.365659134462,-6.678544136876,29,4,3,RETICULA_UTM_RASTER
B04C04,643.300189,520.559498,720000.000,4360000.000,39.360798309718,-6.446604618342,29,4,4,RETICULA_UTM_RASTER
B04C05,743.064485,524.082989,740000.000,4360000.000,39.355475889026,-6.214723897741,29,4,5,RETICULA_UTM_RASTER
B04C06,835.193125,527.392321,758525.125,4360000.000,39.350134488939,-6.000000000000,29,4,6,FRONTERA_HUSOS_29_30
B04C07,927.304059,524.652837,260000.000,4360000.000,39.355475889026,-5.785276102259,30,4,7,RETICULA_UTM_RASTER
B04C08,1027.049239,521.645934,280000.000,4360000.000,39.360798309718,-5.553395381658,30,4,8,RETICULA_UTM_RASTER
B04C09,1126.794419,518.639032,300000.000,4360000.000,39.365659134462,-5.321455863124,30,4,9,RETICULA_UTM_RASTER
B04C10,1226.539599,515.632129,320000.000,4360000.000,39.370058030065,-5.089462864773,30,4,10,RETICULA_UTM_RASTER
B04C11,1326.284779,512.625227,340000.000,4360000.000,39.373994694869,-4.857421712462,30,4,11,RETICULA_UTM_RASTER
B04C12,1426.029960,509.618324,360000.000,4360000.000,39.377468858806,-4.625337739024,30,4,12,RETICULA_UTM_RASTER
B04C13,1471.644501,508.243235,369146.215,4360000.000,39.378903449599,-4.519190434169,30,4,13,BORDE_INTERPOLADO
B05C00,323.310711,609.434880,656557.686,4340000.000,39.194502971666,-7.187171434437,29,5,0,BORDE_INTERPOLADO
B05C01,340.481712,610.041328,660000.000,4340000.000,39.193876063291,-7.147331109604,29,5,1,RETICULA_UTM_RASTER
B05C02,440.246008,613.564818,680000.000,4340000.000,39.189964405936,-6.915882719818,29,5,2,RETICULA_UTM_RASTER
B05C03,540.010304,617.088308,700000.000,4340000.000,39.185593450810,-6.684482011735,29,5,3,RETICULA_UTM_RASTER
B05C04,639.774600,620.611798,720000.000,4340000.000,39.180763496572,-6.453134259166,29,5,4,RETICULA_UTM_RASTER
B05C05,739.538896,624.135288,740000.000,4340000.000,39.175474873100,-6.221844728313,29,5,5,RETICULA_UTM_RASTER
B05C06,834.925350,627.511027,759188.446,4340000.000,39.169970055155,-6.000000000000,29,5,6,FRONTERA_HUSOS_29_30
B05C07,930.293463,624.621362,260000.000,4340000.000,39.175474873100,-5.778155271687,30,5,7,RETICULA_UTM_RASTER
B05C08,1030.038643,621.614459,280000.000,4340000.000,39.180763496572,-5.546865740834,30,5,8,RETICULA_UTM_RASTER
B05C09,1129.783823,618.607557,300000.000,4340000.000,39.185593450810,-5.315517988265,30,5,9,RETICULA_UTM_RASTER
B05C10,1229.529003,615.600654,320000.000,4340000.000,39.189964405936,-5.084117280182,30,5,10,RETICULA_UTM_RASTER
B05C11,1329.274184,612.593752,340000.000,4340000.000,39.193876063291,-4.852668890396,30,5,11,RETICULA_UTM_RASTER
B05C12,1429.019364,609.586849,360000.000,4340000.000,39.197328155497,-4.621178099571,30,5,12,RETICULA_UTM_RASTER
B05C13,1472.141143,608.286906,368646.389,4340000.000,39.198678215797,-4.521088332587,30,5,13,BORDE_INTERPOLADO
B06C00,322.074473,709.568035,657016.638,4320000.000,39.014291993635,-7.186482337451,29,6,0,BORDE_INTERPOLADO
B06C01,336.956123,710.093627,660000.000,4320000.000,39.013751343501,-7.152041529614,29,6,1,RETICULA_UTM_RASTER
B06C02,436.720419,713.617118,680000.000,4320000.000,39.009864568036,-6.921180621563,29,6,2,RETICULA_UTM_RASTER
B06C03,536.484715,717.140608,700000.000,4320000.000,39.005521413166,-6.690366929814,29,6,3,RETICULA_UTM_RASTER
B06C04,636.249011,720.664098,720000.000,4320000.000,39.000722174583,-6.459605676882,29,6,4,RETICULA_UTM_RASTER
B06C05,736.013307,724.187588,740000.000,4320000.000,38.995467178894,-6.228902077805,29,6,5,RETICULA_UTM_RASTER
B06C06,834.657573,727.629316,759849.211,4320000.000,38.989801539747,-6.000000000000,29,6,6,FRONTERA_HUSOS_29_30
B06C07,933.282867,724.589887,260000.000,4320000.000,38.995467178894,-5.771097922195,30,6,7,RETICULA_UTM_RASTER
B06C08,1033.028047,721.582984,280000.000,4320000.000,39.000722174583,-5.540394323118,30,6,8,RETICULA_UTM_RASTER
B06C09,1132.773227,718.576082,300000.000,4320000.000,39.005521413166,-5.309633070186,30,6,9,RETICULA_UTM_RASTER
B06C10,1232.518407,715.569179,320000.000,4320000.000,39.009864568036,-5.078819378437,30,6,10,RETICULA_UTM_RASTER
B06C11,1332.263588,712.562276,340000.000,4320000.000,39.013751343501,-4.847958470386,30,6,11,RETICULA_UTM_RASTER
B06C12,1432.008768,709.555374,360000.000,4320000.000,39.017181474838,-4.617055575284,30,6,12,RETICULA_UTM_RASTER
B06C13,1472.637784,708.330578,368146.562,4320000.000,39.018447724645,-4.522991503196,30,6,13,BORDE_INTERPOLADO
B07C00,320.838235,809.701191,657475.590,4300000.000,38.834075769069,-7.185778909904,29,7,0,BORDE_INTERPOLADO
B07C01,333.430534,810.145927,660000.000,4300000.000,38.833620548079,-7.156709961574,29,7,1,RETICULA_UTM_RASTER
B07C02,433.194830,813.669417,680000.000,4300000.000,38.829758530393,-6.926431305884,29,7,2,RETICULA_UTM_RASTER
B07C03,532.959126,817.192907,700000.000,4300000.000,38.825443037173,-6.696199407830,29,7,3,RETICULA_UTM_RASTER
B07C04,632.723422,820.716398,720000.000,4300000.000,38.820674361182,-6.466019439373,29,7,4,RETICULA_UTM_RASTER
B07C05,732.487718,824.239888,740000.000,4300000.000,38.815452825788,-6.235896565124,29,7,5,RETICULA_UTM_RASTER
B07C06,834.389795,827.747186,760507.414,4300000.000,38.809628948068,-6.000000000000,29,7,6,FRONTERA_HUSOS_29_30
B07C07,936.272271,824.558412,260000.000,4300000.000,38.815452825788,-5.764103434876,30,7,7,RETICULA_UTM_RASTER
B07C08,1036.017451,821.551509,280000.000,4300000.000,38.820674361182,-5.533980560627,30,7,8,RETICULA_UTM_RASTER
B07C09,1135.762631,818.544606,300000.000,4300000.000,38.825443037173,-5.303800592170,30,7,9,RETICULA_UTM_RASTER
B07C10,1235.507812,815.537704,320000.000,4300000.000,38.829758530393,-5.073568694116,30,7,10,RETICULA_UTM_RASTER
B07C11,1335.252992,812.530801,340000.000,4300000.000,38.833620548079,-4.843290038426,30,7,11,RETICULA_UTM_RASTER
B07C12,1434.998172,809.523899,360000.000,4300000.000,38.837028828132,-4.612969803679,30,7,12,RETICULA_UTM_RASTER
B07C13,1473.134426,808.374249,367646.736,4300000.000,38.838211985186,-4.524900000540,30,7,13,BORDE_INTERPOLADO
B08C00,319.655791,905.477124,657914.571,4280870.285,38.661696621954,-7.185092721416,29,8,0,BORDE_INTERPOLADO
B08C01,330.071144,905.481680,660000.000,4280942.816,38.661975624585,-7.161119627869,29,8,1,BORDE_INTERPOLADO
B08C02,429.958059,905.525366,680000.000,4281638.413,38.664401453280,-6.931210669843,29,8,2,BORDE_INTERPOLADO
B08C03,529.844975,905.569052,700000.000,4282334.010,38.666374641970,-6.701308022409,29,8,3,BORDE_INTERPOLADO
B08C04,629.731890,905.612738,720000.000,4283029.607,38.667895179569,-6.471416843468,29,8,4,BORDE_INTERPOLADO
B08C05,729.618806,905.656424,740000.000,4283725.204,38.668963085646,-6.241542290613,29,8,5,BORDE_INTERPOLADO
B08C06,834.181280,905.702155,761018.136,4284427.289,38.669337346915,-6.000000000000,29,8,6,FRONTERA_HUSOS_BORDE_INTERPOLADO
B08C07,938.700116,905.747867,260000.000,4283756.996,38.669249250693,-5.758468698072,30,8,7,BORDE_INTERPOLADO
B08C08,1038.536519,905.791531,280000.000,4283146.691,38.668949263374,-5.528620254728,30,8,8,BORDE_INTERPOLADO
B08C09,1138.372921,905.835195,300000.000,4282536.386,38.668196900639,-5.298750271943,30,8,9,BORDE_INTERPOLADO
B08C10,1238.209324,905.878859,320000.000,4281926.080,38.666992105932,-5.068863905291,30,8,10,BORDE_INTERPOLADO
B08C11,1338.045727,905.922523,340000.000,4281315.775,38.665334853330,-4.838966311507,30,8,11,BORDE_INTERPOLADO
B08C12,1437.882129,905.966187,360000.000,4280705.469,38.663225147557,-4.609062647761,30,8,12,BORDE_INTERPOLADO
B08C13,1473.618974,905.981816,367159.081,4280487.008,38.662360010273,-4.526767210907,30,8,13,BORDE_INTERPOLADO
