TRACE_BADAJOZ_PENR2009_V001
RASTER=/nuevos/FUGAWI/MAPAS/BADAJOZ 2_4.jpeg
RASTER_W=1536
RASTER_H=1170
PIXEL_DOMAIN=PIXEL_RASTER_ORIGINAL
CRS_ORIGEN=ED50_UTM_HUSO_29_30
CRS_DESTINO=ETRS89_UTM_HUSO_29_30
PENR2009_PATH=Repositorio:p92md87/Fugawi/PENR2009.gsb
PENR2009_BLOB_SHA=4bdfa4ddef1adc4a32f7daf0956fe65b91d4aafa
NODOS=126
CUADRILATEROS=104
CIERRE_INV_MAX_M=0.000000000
ID,E_ED50,N_ED50,HUSO,LAT_ED50,LON_ED50,LAT_ETRS89,LON_ETRS89,E_ETRS89,N_ETRS89,DLAT_ARCSEC,DLON_ARCSEC,CIERRE_INV_M
B00C00,654494.025,4429929.279,29,40.004750069028,-7.190091665310,40.003531785839,-7.191468910837,654372.221,4429715.678,-4.385819481,4.958083896,0.000000000
B00C01,660000.000,4430105.692,29,40.005313505384,-7.125577336467,40.004095766374,-7.126952912591,659878.187,4429892.061,-4.383860437,4.952074047,0.000000000
B00C02,680000.000,4430746.496,29,40.007057600702,-6.891238350292,40.005842765032,-6.892610475678,679877.925,4430532.856,-4.373408413,4.939651390,0.000000000
B00C03,700000.000,4431387.300,29,40.008327231600,-6.656909825241,40.007114729888,-6.658280106555,699877.525,4431173.584,-4.365006164,4.933012729,0.000000000
B00C04,720000.000,4432028.104,29,40.009122422590,-6.422597312237,40.007911709764,-6.423965133967,719877.178,4431814.253,-4.358566174,4.924158227,0.000000000
B00C05,740000.000,4432668.908,29,40.009443231196,-6.188306361071,40.008235596637,-6.189670309281,739876.944,4432455.069,-4.347484412,4.910213555,0.000000000
B00C06,756074.677,4433230.067,29,40.009772247849,-6.000000000000,40.008566808914,-6.001360067284,755951.498,4433016.207,-4.339580167,4.896242222,0.000000000
B00C07,260000.000,4432741.605,30,40.010097409899,-5.811720500910,40.008892492641,-5.813077265346,259890.806,4432535.399,-4.337702131,4.884351969,0.000000000
B00C08,280000.000,4432076.477,30,40.009557803148,-5.577419073331,40.008354077058,-5.578770671330,279890.702,4431870.119,-4.333413926,4.865752796,0.000000000
B00C09,300000.000,4431411.349,30,40.008543725920,-5.343097580692,40.007341368948,-5.344443699092,299890.624,4431204.859,-4.328485100,4.846026240,0.000000000
B00C10,320000.000,4430746.222,30,40.007055131634,-5.108761573704,40.005853632329,-5.110105163958,319890.289,4430539.550,-4.325397499,4.836924913,0.000000000
B00C11,340000.000,4430081.094,30,40.005092006732,-4.874416603936,40.003891222858,-4.875756038471,339890.092,4429874.222,-4.322821948,4.821964326,0.000000000
B00C12,360000.000,4429415.966,30,40.002654370682,-4.640068222982,40.001454607237,-4.641402545630,359889.976,4429208.926,-4.319148401,4.803561534,0.000000000
B00C13,370871.975,4429054.403,30,40.001130211386,-4.512677282729,39.999931098823,-4.514007334465,370762.014,4428847.282,-4.316805228,4.788186249,0.000000000
B01C00,654721.878,4420000.000,29,39.915294240800,-7.189783636752,39.914074203156,-7.191160535589,654599.943,4419786.490,-4.392135518,4.956835812,0.000000000
B01C01,660000.000,4420000.000,29,39.914313936727,-7.128061176794,39.913094322838,-7.129436787062,659878.026,4419786.455,-4.390610002,4.952196966,0.000000000
B01C02,680000.000,4420000.000,29,39.910301481454,-6.894209526611,39.909084036797,-6.895582804266,679877.661,4419786.382,-4.382800766,4.943799557,0.000000000
B01C03,700000.000,4420000.000,29,39.905817906591,-6.660407489503,39.904602368872,-6.661776943506,699877.422,4419786.282,-4.375935787,4.930034411,0.000000000
B01C04,720000.000,4420000.000,29,39.900863523023,-6.426660552121,39.899650336827,-6.428026842257,719877.123,4419786.230,-4.367470307,4.918644489,0.000000000
B01C05,740000.000,4420000.000,29,39.895438674131,-6.192974192953,39.894228529057,-6.194336337883,739876.903,4419786.258,-4.356522268,4.903721747,0.000000000
B01C06,756519.900,4420000.000,29,39.890603249419,-6.000000000000,39.889394469225,-6.001358803002,756396.616,4419786.154,-4.351608697,4.891690806,0.000000000
B01C07,260000.000,4420000.000,30,39.895438674131,-5.807025807047,39.894230807466,-5.808380454779,259890.793,4419793.817,-4.348319994,4.876731834,0.000000000
B01C08,280000.000,4420000.000,30,39.900863523023,-5.573339447879,39.899655267224,-5.574687755437,279890.795,4419793.469,-4.349720876,4.853907210,0.000000000
B01C09,300000.000,4420000.000,30,39.905817906591,-5.339592510497,39.904611718854,-5.340938293744,299890.476,4419793.404,-4.342275853,4.844819687,0.000000000
B01C10,320000.000,4420000.000,30,39.910301481454,-5.105790473389,39.909097462288,-5.107133429741,319890.182,4419793.349,-4.334468997,4.834642866,0.000000000
B01C11,340000.000,4420000.000,30,39.914313936727,-4.871938823206,39.913111147072,-4.873276354089,339890.104,4419793.186,-4.330042759,4.815111180,0.000000000
B01C12,360000.000,4420000.000,30,39.917854994082,-4.638043053947,39.916653476700,-4.639374908212,359890.047,4419793.028,-4.325462575,4.794675352,0.000000000
B01C13,370645.693,4420000.000,30,39.919547519906,-4.513527823580,39.918346609606,-4.514856193435,370535.748,4419792.936,-4.323277082,4.782131477,0.000000000
B02C00,655180.830,4400000.000,29,39.735104337159,-7.189152305035,39.733880439553,-7.190528516878,655058.631,4399786.635,-4.406031383,4.954362633,0.000000000
B02C01,660000.000,4400000.000,29,39.734213643800,-7.132943750605,39.732990032054,-7.134318617284,659877.781,4399786.593,-4.405002284,4.949520044,0.000000000
B02C02,680000.000,4400000.000,29,39.730226581535,-6.899701021425,39.729002985856,-6.901071362083,679877.609,4399786.286,-4.404944443,4.933226368,0.000000000
B02C03,700000.000,4400000.000,29,39.725771377736,-6.666507411766,39.724550387010,-6.667875971664,699877.194,4399786.261,-4.395566613,4.926815632,0.000000000
B02C04,720000.000,4400000.000,29,39.720848340173,-6.433368353893,39.719630663551,-6.434732556582,719876.995,4399786.320,-4.383635841,4.911129680,0.000000000
B02C05,740000.000,4400000.000,29,39.715457808790,-6.200289272051,39.714242795044,-6.201648978185,739876.807,4399786.308,-4.374049486,4.894942081,0.000000000
B02C06,757190.846,4400000.000,29,39.710451091020,-6.000000000000,39.709237048232,-6.001356798873,757067.412,4399786.150,-4.370554035,4.884475942,0.000000000
B02C07,260000.000,4400000.000,30,39.715457808790,-5.799710727949,39.714244788635,-5.801062924730,259890.699,4399793.795,-4.366872557,4.867908413,0.000000000
B02C08,280000.000,4400000.000,30,39.720848340173,-5.566631646107,39.719636239515,-5.567979775569,279890.511,4399793.599,-4.363562370,4.853266064,0.000000000
B02C09,300000.000,4400000.000,30,39.725771377736,-5.333492588234,39.724562055133,-5.334837380231,299890.265,4399793.613,-4.353561372,4.841251187,0.000000000
B02C10,320000.000,4400000.000,30,39.730226581535,-5.100298978575,39.729019561688,-5.101637526900,319890.263,4399793.568,-4.345271449,4.818773968,0.000000000
B02C11,340000.000,4400000.000,30,39.734213643800,-4.867056249395,39.733007281196,-4.868389882703,339890.142,4399793.344,-4.342905374,4.801079908,0.000000000
B02C12,360000.000,4400000.000,30,39.737732288988,-4.633769840181,39.736526986441,-4.635097795894,359890.085,4399793.164,-4.339089169,4.780640567,0.000000000
B02C13,370145.867,4400000.000,30,39.739338110123,-4.515410234722,39.738133244450,-4.516735153557,370035.935,4399793.063,-4.337516424,4.769707807,0.000000000
B03C00,655639.782,4380000.000,29,39.554909152139,-7.188506463128,39.553681752921,-7.189881748996,655517.340,4379786.818,-4.418637185,4.951029124,0.000000000
B03C01,660000.000,4380000.000,29,39.554107225801,-7.137782643309,39.552880128595,-7.139156336391,659877.572,4379786.785,-4.417549942,4.945295096,0.000000000
B03C02,680000.000,4380000.000,29,39.550145426523,-6.905143395513,39.548919590739,-6.906511578152,679877.483,4379786.620,-4.413008822,4.925457502,0.000000000
B03C03,700000.000,4380000.000,29,39.545718448582,-6.672552780908,39.544495191496,-6.673917379156,699877.222,4379786.597,-4.403725511,4.912553694,0.000000000
B03C04,720000.000,4380000.000,29,39.540826596674,-6.440016178166,39.539605912937,-6.441376698114,719877.002,4379786.576,-4.394461453,4.897871812,0.000000000
B03C05,740000.000,4380000.000,29,39.535470207347,-6.207538958079,39.534250924851,-6.208894581855,739876.853,4379786.427,-4.389416987,4.880245593,0.000000000
B03C06,757859.257,4380000.000,29,39.530294835904,-6.000000000000,39.529076001697,-6.001352593369,757735.863,4379786.201,-4.387803145,4.869336128,0.000000000
B03C07,260000.000,4380000.000,30,39.535470207347,-5.792461041921,39.534253180983,-5.793811178019,259890.577,4379793.898,-4.381294910,4.860489953,0.000000000
B03C08,280000.000,4380000.000,30,39.540826596674,-5.559983821834,39.539611282833,-5.561329730703,279890.407,4379793.792,-4.375129827,4.845271929,0.000000000
B03C09,300000.000,4380000.000,30,39.545718448582,-5.327447219092,39.544504881456,-5.328788578807,299890.262,4379793.690,-4.368841653,4.828894973,0.000000000
B03C10,320000.000,4380000.000,30,39.550145426523,-5.094856604487,39.548933876539,-5.096191979631,319890.238,4379793.616,-4.361579943,4.807350519,0.000000000
B03C11,340000.000,4380000.000,30,39.554107225801,-4.862217356691,39.552896445204,-4.863548044907,339890.098,4379793.407,-4.358810148,4.790477577,0.000000000
B03C12,360000.000,4380000.000,30,39.557603573627,-4.629534861472,39.556394640161,-4.630858204055,359890.187,4379793.314,-4.352160476,4.764033298,0.000000000
B03C13,369646.041,4380000.000,30,39.559123417236,-4.517297753197,39.557914613121,-4.518618510701,369536.187,4379793.187,-4.351694815,4.754727014,0.000000000
B04C00,656098.734,4360000.000,29,39.374708694109,-7.187846157760,39.373476856970,-7.189218611503,655976.217,4359786.897,-4.434613701,4.940833476,0.000000000
B04C01,660000.000,4360000.000,29,39.373994694869,-7.142578287538,39.372763185318,-7.143949425302,659877.486,4359786.875,-4.433434382,4.936095950,0.000000000
B04C02,680000.000,4360000.000,29,39.370058030065,-6.910537135227,39.368828748417,-6.911902366344,679877.430,4359786.819,-4.425413932,4.914832020,0.000000000
B04C03,700000.000,4360000.000,29,39.365659134462,-6.678544136876,39.364431693391,-6.679905333453,699877.211,4359786.717,-4.418787855,4.900307676,0.000000000
B04C04,720000.000,4360000.000,29,39.360798309718,-6.446604618342,39.359572861255,-6.447962448927,719876.931,4359786.631,-4.411614468,4.888190107,0.000000000
B04C05,740000.000,4360000.000,29,39.355475889026,-6.214723897741,39.354252395165,-6.216076192478,739876.837,4359786.547,-4.404577898,4.868261054,0.000000000
B04C06,758525.125,4360000.000,29,39.350134488939,-6.000000000000,39.348912368252,-6.001350026919,758401.628,4359786.413,-4.399634473,4.860096908,0.000000000
B04C07,260000.000,4360000.000,30,39.355475889026,-5.785276102259,39.354256632289,-5.786623807955,259890.496,4359794.195,-4.389324255,4.851740505,0.000000000
B04C08,280000.000,4360000.000,30,39.360798309718,-5.553395381658,39.359579901295,-5.554738042699,279890.393,4359793.993,-4.386270322,4.833579749,0.000000000
B04C09,300000.000,4360000.000,30,39.365659134462,-5.321455863124,39.364440863974,-5.322793202981,299890.310,4359793.713,-4.385773756,4.814423484,0.000000000
B04C10,320000.000,4360000.000,30,39.370058030065,-5.089462864773,39.368840502852,-5.090794713926,319890.242,4359793.501,-4.383097966,4.794656951,0.000000000
B04C11,340000.000,4360000.000,30,39.373994694869,-4.857421712462,39.372778938023,-4.858749145180,339890.083,4359793.405,-4.376724644,4.778757786,0.000000000
B04C12,360000.000,4360000.000,30,39.377468858806,-4.625337739024,39.376255542475,-4.626658435338,359890.122,4359793.381,-4.367938791,4.754506732,0.000000000
B04C13,369146.215,4360000.000,30,39.378903449599,-4.519190434169,39.377690181495,-4.520509886745,369036.194,4359793.255,-4.367765176,4.750029272,0.000000000
B05C00,656557.686,4340000.000,29,39.194502971666,-7.187171434437,39.193266630936,-7.188540700641,656435.127,4339786.968,-4.450826628,4.929358333,0.000000000
B05C01,660000.000,4340000.000,29,39.193876063291,-7.147331109604,39.192640158011,-7.148699291128,659877.437,4339786.964,-4.449259006,4.925453487,0.000000000
B05C02,680000.000,4340000.000,29,39.189964405936,-6.915882719818,39.188731152150,-6.917245018340,679877.379,4339786.957,-4.439713629,4.904274681,0.000000000
B05C03,700000.000,4340000.000,29,39.185593450810,-6.684482011735,39.184362051049,-6.685840213751,699877.166,4339786.858,-4.433039140,4.889527259,0.000000000
B05C04,720000.000,4340000.000,29,39.180763496572,-6.453134259166,39.179533711980,-6.454489229573,719876.877,4339786.732,-4.427224531,4.877893464,0.000000000
B05C05,740000.000,4340000.000,29,39.175474873100,-6.221844728313,39.174245991811,-6.223194636786,739876.746,4339786.531,-4.423972639,4.859670501,0.000000000
B05C06,759188.446,4340000.000,29,39.169970055155,-6.000000000000,39.168743640827,-6.001347844390,759064.818,4339786.509,-4.415091581,4.852239803,0.000000000
B05C07,260000.000,4340000.000,30,39.175474873100,-5.778155271687,39.174249722775,-5.779499706395,259890.476,4339794.081,-4.410541172,4.839964951,0.000000000
B05C08,280000.000,4340000.000,30,39.180763496572,-5.546865740834,39.179539645654,-5.548205328565,279890.359,4339793.932,-4.405863306,4.822515831,0.000000000
B05C09,300000.000,4340000.000,30,39.185593450810,-5.315517988265,39.184370236737,-5.316852106838,299890.292,4339793.708,-4.403570662,4.802826864,0.000000000
B05C10,320000.000,4340000.000,30,39.189964405936,-5.084117280182,39.188741293627,-5.085445644872,319890.247,4339793.426,-4.403204312,4.782112883,0.000000000
B05C11,340000.000,4340000.000,30,39.193876063291,-4.852668890396,39.192654965206,-4.853995398644,339889.868,4339793.364,-4.395953106,4.775429693,0.000000000
B05C12,360000.000,4340000.000,30,39.197328155497,-4.621178099571,39.196109813631,-4.622498346199,359889.868,4339793.378,-4.386030719,4.752887860,0.000000000
B05C13,368646.389,4340000.000,30,39.198678215797,-4.521088332587,39.197459874670,-4.522406610227,368536.190,4339793.253,-4.386028059,4.745799503,0.000000000
B06C00,657016.638,4320000.000,29,39.014291993635,-7.186482337451,39.013052208901,-7.187847006226,656894.159,4319787.155,-4.463225042,4.912807591,0.000000000
B06C01,660000.000,4320000.000,29,39.013751343501,-7.152041529614,39.012511838685,-7.153405307413,659877.514,4319787.142,-4.462217338,4.909600075,0.000000000
B06C02,680000.000,4320000.000,29,39.009864568036,-6.921180621563,39.008626797305,-6.922540073252,679877.324,4319787.031,-4.455974631,4.894026080,0.000000000
B06C03,700000.000,4320000.000,29,39.005521413166,-6.690366929814,39.004285917284,-6.691723051574,699877.045,4319786.980,-4.447785175,4.882038338,0.000000000
B06C04,720000.000,4320000.000,29,39.000722174583,-6.459605676882,38.999489072357,-6.460958937392,719876.721,4319786.940,-4.439168015,4.871737836,0.000000000
B06C05,740000.000,4320000.000,29,38.995467178894,-6.228902077805,38.994234673820,-6.230252082440,739876.436,4319786.702,-4.437018266,4.860016686,0.000000000
B06C06,759849.211,4320000.000,29,38.989801539747,-6.000000000000,38.988570637882,-6.001346235022,759725.405,4319786.579,-4.431246715,4.846446079,0.000000000
B06C07,260000.000,4320000.000,30,38.995467178894,-5.771097922195,38.994237332977,-5.772440126292,259890.374,4319794.100,-4.427445301,4.831934748,0.000000000
B06C08,280000.000,4320000.000,30,39.000722174583,-5.540394323118,38.999494103815,-5.541731922383,279890.238,4319794.006,-4.421054766,4.815357354,0.000000000
B06C09,300000.000,4320000.000,30,39.005521413166,-5.309633070186,39.004294212453,-5.310965710435,299890.129,4319793.811,-4.417922565,4.797504897,0.000000000
B06C10,320000.000,4320000.000,30,39.009864568036,-5.078819378437,39.008637249741,-5.080146444925,319890.068,4319793.507,-4.418345860,4.777439358,0.000000000
B06C11,340000.000,4320000.000,30,39.013751343501,-4.847958470386,39.012525372101,-4.849282578818,339889.783,4319793.370,-4.413497038,4.766790356,0.000000000
B06C12,360000.000,4320000.000,30,39.017181474838,-4.617055575284,39.015958286985,-4.618375968331,359889.565,4319793.392,-4.403476272,4.753414969,0.000000000
B06C13,368146.562,4320000.000,30,39.018447724645,-4.522991503196,39.017224969491,-4.524309612209,368036.103,4319793.323,-4.401918555,4.745192448,0.000000000
B07C00,657475.590,4300000.000,29,38.834075769069,-7.185778909904,38.832833694242,-7.187139569879,657353.141,4299787.468,-4.471469379,4.898375909,0.000000000
B07C01,660000.000,4300000.000,29,38.833620548079,-7.156709961574,38.832378764767,-7.158070211472,659877.515,4299787.462,-4.470419922,4.896899632,0.000000000
B07C02,680000.000,4300000.000,29,38.829758530393,-6.926431305884,38.828519081035,-6.927790918666,679877.004,4299787.413,-4.462017690,4.894606014,0.000000000
B07C03,700000.000,4300000.000,29,38.825443037173,-6.696199407830,38.824204442207,-6.697553991341,699876.876,4299787.208,-4.458941877,4.876500641,0.000000000
B07C04,720000.000,4300000.000,29,38.820674361182,-6.466019439373,38.819437486992,-6.467370350149,719876.625,4299787.097,-4.452747083,4.863278792,0.000000000
B07C05,740000.000,4300000.000,29,38.815452825788,-6.235896565124,38.814216906727,-6.237244622572,739876.304,4299786.899,-4.449308621,4.853006815,0.000000000
B07C06,760507.414,4300000.000,29,38.809628948068,-6.000000000000,38.808394274231,-6.001344030138,760383.482,4299786.728,-4.444825814,4.838508496,0.000000000
B07C07,260000.000,4300000.000,30,38.815452825788,-5.764103434876,38.814219706371,-5.765443619884,259890.259,4299794.274,-4.439229901,4.824666030,0.000000000
B07C08,280000.000,4300000.000,30,38.820674361182,-5.533980560627,38.819443072383,-5.535317175195,279890.035,4299794.191,-4.432639676,4.811812447,0.000000000
B07C09,300000.000,4300000.000,30,38.825443037173,-5.303800592170,38.824212738951,-5.305133495016,299889.818,4299794.014,-4.429073598,4.798450247,0.000000000
B07C10,320000.000,4300000.000,30,38.829758530393,-5.073568694116,38.828529229568,-5.074894349350,319889.906,4299793.831,-4.425482969,4.772358841,0.000000000
B07C11,340000.000,4300000.000,30,38.833620548079,-4.843290038426,38.832392264395,-4.844609421618,339889.908,4299793.654,-4.421821264,4.749779490,0.000000000
B07C12,360000.000,4300000.000,30,38.837028828132,-4.612969803679,38.835800871980,-4.614287125218,359889.542,4299793.408,-4.420642146,4.742357539,0.000000000
B07C13,367646.736,4300000.000,30,38.838211985186,-4.524900000540,38.836984606588,-4.526215971833,367536.187,4299793.363,-4.418562954,4.737496657,0.000000000
B08C00,657914.571,4280870.285,29,38.661696621954,-7.185092721416,38.660452551626,-7.186449723427,657792.138,4280658.071,-4.478653182,4.885207238,0.000000000
B08C01,660000.000,4280942.816,29,38.661975624585,-7.161119627869,38.660731740707,-7.162476474257,659877.522,4280730.588,-4.477981961,4.884646996,0.000000000
B08C02,680000.000,4281638.413,29,38.664401453280,-6.931210669843,38.663159087808,-6.932567031216,679877.010,4281426.028,-4.472515697,4.882900942,0.000000000
B08C03,700000.000,4282334.010,29,38.666374641970,-6.701308022409,38.665133380085,-6.702661204679,699876.731,4282121.426,-4.468542787,4.871456170,0.000000000
B08C04,720000.000,4283029.607,29,38.667895179569,-6.471416843468,38.666655241448,-6.472766325539,719876.495,4282816.849,-4.463777234,4.858135457,0.000000000
B08C05,740000.000,4283725.204,29,38.668963085646,-6.241542290613,38.667724507369,-6.242888820345,739876.193,4283512.275,-4.458881796,4.847507035,0.000000000
B08C06,761018.136,4284427.289,29,38.669337346915,-6.000000000000,38.668100042852,-6.001343135486,760894.034,4284214.164,-4.454294627,4.835287749,0.000000000
B08C07,260000.000,4283756.996,30,38.669249250693,-5.758468698072,38.668013300187,-5.759807636860,259890.133,4283551.392,-4.449421822,4.820179637,0.000000000
B08C08,280000.000,4283146.691,30,38.668949263374,-5.528620254728,38.667714801481,-5.529955737794,279889.890,4282940.984,-4.444062816,4.807739038,0.000000000
B08C09,300000.000,4282536.386,30,38.668196900639,-5.298750271943,38.666962479060,-5.300083403126,299889.544,4282330.417,-4.443917683,4.799272259,0.000000000
B08C10,320000.000,4281926.080,30,38.666992105932,-5.068863905291,38.665758524746,-5.070187806885,319889.797,4281719.925,-4.440892270,4.766045738,0.000000000
B08C11,340000.000,4281315.775,30,38.665334853330,-4.838966311507,38.664103028673,-4.840285118782,339889.691,4281109.545,-4.434568765,4.747706190,0.000000000
B08C12,360000.000,4280705.469,30,38.663225147557,-4.609062647761,38.661993572285,-4.610377676106,359889.465,4280499.000,-4.433670978,4.734102041,0.000000000
B08C13,367159.081,4280487.008,30,38.662360010273,-4.526767210907,38.661128854925,-4.528081208115,367048.438,4280280.491,-4.432159251,4.730389949,0.000000000
